0.497 -0.138 0.648 0.000
1.523 -0.234 -0.234 0.000
1.579 0.767 -0.469 0.000
0.543 -0.463 -0.466 0.000
0.242 -1.913 -1.725 0.000
-0.562 -1.013 0.314 0.000
-0.908 -1.412 1.466 0.000
-0.226 0.068 -1.425 0.000
-0.544 0.111 -1.151 0.000
0.376 -0.601 -0.292 0.000
-0.602 1.852 -0.013 0.000
-1.058 0.823 -1.221 0.000
0.209 -1.960 -1.328 0.000
0.197 0.738 0.171 0.000
-0.116 -0.301 -1.479 0.000
-0.720 -0.461 1.057 0.000
0.344 -1.763 0.324 0.000
-0.385 -0.677 0.612 0.000
1.031 0.931 -0.839 0.000
-0.309 0.331 0.976 0.000
-0.479 -0.186 -1.106 0.000
-1.196 0.813 1.356 0.000
-0.072 1.004 0.362 0.000
-0.645 0.361 1.538 0.000
-0.036 1.565 -2.620 0.000
0.822 0.087 -0.299 0.000
0.092 -1.988 -0.220 0.000
0.357 1.478 -0.518 0.000
-0.808 -0.502 0.915 0.000
0.329 -0.530 0.513 0.000
0.097 0.969 -0.702 0.000
-0.328 -0.392 -1.464 0.000
0.296 0.261 0.005 0.000
-0.235 -1.415 -0.421 0.000
-0.343 -0.802 -0.161 0.000
0.404 1.886 0.175 0.000
0.258 -0.074 -1.919 0.000
-0.027 0.060 2.463 0.000
-0.192 0.302 -0.035 0.000
-1.169 1.143 0.752 0.000
0.791 -0.909 1.403 0.000
-1.402 0.587 2.190 0.000
-0.991 -0.566 0.100 0.000
-0.503 -1.551 0.069 0.000
-1.062 0.474 -0.919 0.000
1.550 -0.783 -0.322 0.000
0.814 -1.231 0.227 0.000
1.307 -1.607 0.185 0.000
0.260 0.782 -1.237 0.000
-1.320 0.522 0.297 0.000
0.250 0.346 -0.680 0.000
0.232 0.293 -0.714 0.000
1.866 0.474 -1.191 0.000
0.657 -0.975 0.787 0.000
1.159 -0.821 0.963 0.000
0.413 0.822 1.897 0.000
-0.245 -0.754 -0.890 0.000
-0.816 -0.077 0.341 0.000
0.277 0.827 0.013 0.000
1.454 -0.265 2.720 0.000
0.626 -0.857 -1.071 0.000
0.482 -0.223 0.714 0.000
0.473 -0.073 -0.847 0.000
-1.515 -0.447 0.856 0.000
0.214 -1.246 0.173 0.000
0.385 -0.884 0.154 0.000
0.058 -1.143 0.358 0.000
0.561 1.083 1.054 0.000
-1.378 -0.938 0.515 0.000
0.514 0.515 3.853 0.000
0.571 1.136 0.954 0.000
0.651 -0.315 0.759 0.000
-0.773 -0.237 -0.485 0.000
0.082 2.315 -1.867 0.000
0.686 -1.613 -0.472 0.000
1.089 0.064 -1.078 0.000
-0.715 0.680 -0.730 0.000
0.216 0.046 -0.652 0.000
2.144 0.634 -2.025 0.000
0.186 -0.662 0.852 0.000
-0.793 -0.115 0.505 0.000
0.866 -1.200 -0.335 0.000
-0.475 -0.653 1.765 0.000
0.405 -1.261 0.918 0.000
2.122 1.032 -1.519 0.000
-0.484 1.267 -0.708 0.000
0.444 0.775 -0.927 0.000
-0.060 -3.241 -1.024 0.000
-0.253 -1.248 1.632 0.000
-1.430 -0.440 0.131 0.000
1.441 -1.436 1.163 0.000
0.010 -0.982 0.462 0.000
0.199 -0.600 0.070 0.000
-0.385 0.114 0.662 0.000
1.586 -1.238 2.133 0.000
-1.952 -0.152 0.588 0.000
0.281 -0.623 -0.208 0.000
-0.493 -0.589 0.850 0.000
0.357 -0.693 0.900 0.000
0.307 0.813 0.630 0.000
-0.829 -0.560 0.747 0.000
0.610 -0.021 0.117 0.000
1.278 -0.592 0.547 0.000
-0.202 -0.218 1.099 0.000
0.825 0.814 1.305 0.000
0.021 0.682 -0.310 0.000
0.324 -0.130 0.097 0.000
0.595 -0.818 2.092 0.000
-1.006 -1.214 1.158 0.000
0.792 0.624 0.628 0.000
-0.012 -0.897 0.076 0.000
-0.677 0.975 -0.147 0.000
-0.825 -0.321 0.413 0.000
-0.564 -0.822 0.244 0.000
0.245 -0.507 -0.471 0.000
0.232 -1.448 -1.407 0.000
-0.718 -0.213 0.311 0.000
1.475 0.858 -0.160 0.000
-0.019 -1.003 -0.019 0.000
-0.289 0.323 -0.827 0.000
0.519 1.533 -0.109 0.000
0.402 0.690 -0.401 0.000
0.224 0.013 0.098 0.000
-0.773 0.025 0.498 0.000
1.451 0.959 2.153 0.000
-0.767 0.872 0.183 0.000
2.190 -0.808 -0.840 0.000
-0.599 -2.124 -0.526 0.000
-0.759 0.150 0.342 0.000
1.876 0.950 -0.577 0.000
-0.898 0.492 -1.320 0.000
1.831 1.179 -0.469 0.000
-1.713 1.354 -0.115 0.000
1.238 -1.594 -0.599 0.000
0.005 0.047 -0.450 0.000
0.623 -1.068 -0.142 0.000
0.120 0.514 0.712 0.000
-1.125 -1.534 1.278 0.000
0.332 -0.748 1.551 0.000
0.116 1.179 0.068 0.000
2.061 1.755 -0.249 0.000
0.972 0.645 1.369 0.000
-0.965 0.686 1.058 0.000
-1.759 -1.183 -2.039 0.000
-0.269 0.718 1.502 0.000
0.074 1.629 -1.380 0.000
-1.703 -0.056 0.384 0.000
-0.033 -2.067 -0.089 0.000
-1.304 0.670 0.367 0.000
-0.940 -0.514 -1.059 0.000
0.437 1.455 -0.486 1.000
1.004 -0.030 -0.293 1.000
0.393 -0.535 -0.054 1.000
-0.698 2.465 0.535 1.000
-0.200 0.714 0.388 1.000
0.279 1.114 1.258 1.000
-0.031 -0.076 0.225 1.000
-1.802 -1.015 1.867 1.000
2.145 0.251 1.077 1.000
0.811 3.579 1.620 1.000
0.372 -0.456 -1.106 1.000
0.703 -0.256 -0.922 1.000
-0.147 -0.582 2.187 1.000
1.382 0.492 1.980 1.000
0.577 -0.361 2.023 1.000
1.039 -0.537 0.310 1.000
-0.376 -0.883 1.426 1.000
2.409 -0.899 1.063 1.000
-0.151 0.013 -0.092 1.000
-0.364 0.549 -0.331 1.000
0.770 0.450 0.261 1.000
-0.408 -0.077 1.255 1.000
1.001 -0.478 0.599 1.000
1.251 -1.169 1.043 1.000
-0.163 1.071 -0.263 1.000
-1.305 -1.128 0.548 1.000
0.760 -0.404 1.139 1.000
-1.162 0.434 -0.711 1.000
-0.152 0.547 -0.360 1.000
0.115 1.506 -0.077 1.000
1.336 -0.630 1.030 1.000
1.942 -1.972 -0.297 1.000
1.077 0.297 0.871 1.000
-0.104 0.587 0.344 1.000
1.668 0.754 0.838 1.000
0.088 0.012 0.067 1.000
0.894 0.079 0.790 1.000
2.575 1.371 0.174 1.000
1.701 0.092 -1.538 1.000
-0.508 -1.371 0.148 1.000
0.518 2.176 0.827 1.000
0.281 1.329 -1.711 1.000
0.736 1.271 -0.979 1.000
1.644 0.838 0.085 1.000
1.133 2.771 0.682 1.000
0.748 0.041 -0.350 1.000
1.330 -0.356 0.572 1.000
0.022 0.979 0.834 1.000
1.538 -0.010 0.230 1.000
-0.479 0.056 0.877 1.000
1.257 -0.422 1.370 1.000
1.856 0.913 2.377 1.000
-0.274 -0.745 -1.279 1.000
1.996 1.154 0.444 1.000
0.780 -0.625 2.946 1.000
0.629 0.609 1.226 1.000
0.981 0.724 -0.290 1.000
0.971 2.382 1.845 1.000
2.093 -0.011 -0.490 1.000
0.374 0.556 1.594 1.000
-1.192 2.030 0.342 1.000
0.073 -0.512 -1.155 1.000
1.323 0.573 -0.790 1.000
-0.795 0.164 2.169 1.000
0.240 -1.003 0.254 1.000
0.227 -2.197 0.446 1.000
0.269 1.196 2.349 1.000
1.627 0.231 -0.607 1.000
3.073 0.559 0.514 1.000
0.476 0.698 0.356 1.000
-0.074 -0.047 0.467 1.000
-0.043 -0.213 0.606 1.000
0.245 2.004 -2.151 1.000
1.592 1.746 -1.573 1.000
0.157 0.129 -0.908 1.000
-0.278 -0.611 2.252 1.000
1.436 1.772 1.222 1.000
-0.629 -0.025 0.989 1.000
-0.722 1.213 0.260 1.000
0.125 1.211 0.944 1.000
0.139 1.659 -0.581 1.000
1.116 1.093 0.190 1.000
0.826 -0.751 1.424 1.000
0.315 -0.023 1.549 1.000
-0.204 -0.908 -1.057 1.000
1.106 -0.780 2.255 1.000
-1.582 2.196 0.711 1.000
0.403 -0.045 0.899 1.000
0.462 1.603 0.614 1.000
0.650 0.136 0.443 1.000
0.808 -1.210 -0.848 1.000
1.243 0.671 0.316 1.000
0.518 0.848 -0.040 1.000
-0.278 0.696 -0.478 1.000
0.908 -1.203 1.529 1.000
0.973 0.756 1.483 1.000
2.165 1.514 -1.341 1.000
-0.780 -0.125 0.526 1.000
1.018 -0.226 0.687 1.000
-0.255 -0.112 -0.907 1.000
-0.423 -0.852 -0.476 1.000
1.554 -0.449 3.132 1.000
0.993 0.685 -0.358 1.000
1.200 -0.076 0.622 1.000
3.060 0.404 1.649 1.000
-0.203 0.465 2.271 1.000
-0.127 2.312 1.208 1.000
-0.062 1.132 1.473 1.000
1.122 -1.070 -0.227 1.000
0.252 0.426 1.121 1.000
0.678 -0.835 0.880 1.000
1.111 1.060 1.581 1.000
1.334 0.959 0.430 1.000
-1.161 0.930 0.708 1.000
0.772 -0.777 -0.581 1.000
1.553 0.460 1.182 1.000
0.528 0.530 1.438 1.000
-0.016 0.596 0.038 1.000
0.066 0.191 0.722 1.000
0.021 1.756 -0.395 1.000
0.313 0.060 1.947 1.000
0.697 1.532 -0.986 1.000
0.767 1.390 0.582 1.000
1.565 -0.017 1.909 1.000
2.799 0.137 0.054 1.000
1.953 2.080 -0.023 1.000
0.080 0.218 -0.844 1.000
-0.419 -0.504 -0.268 1.000
0.465 0.734 2.051 1.000
-0.498 1.484 0.286 1.000
0.451 1.175 -0.623 1.000
0.882 0.666 0.992 1.000
0.789 2.955 -0.138 1.000
-0.031 -0.123 -0.055 1.000
-0.137 1.689 1.921 1.000
-0.071 -0.332 0.971 1.000
-0.052 1.133 0.703 1.000
-1.016 2.048 2.296 1.000
-0.113 0.112 0.786 1.000
0.834 1.159 2.510 1.000
0.323 -0.298 -0.879 1.000
-0.231 0.467 2.295 1.000
-0.018 0.724 0.484 1.000
1.688 3.027 -0.031 1.000
0.011 1.544 1.182 1.000
2.347 1.084 0.141 1.000
1.091 1.609 1.320 1.000
1.007 1.567 1.669 1.000
1.882 1.149 0.333 1.000
0.647 1.707 -0.317 1.000